1969 1 150.34 1.024814
1969 2 126.55 1.014148
1969 3 80.81 0.9060549
1969 4 75.7 0.7221642
1969 5 79.03 0.6004579
1969 6 278.37 0.4344331
1969 7 502.12 0.353495
1969 8 627.99 0.3756039
1969 9 789.87 0.5641248
1969 10 687.85 0.6576526
1969 11 786.19 0.7110762
1969 12 491.59 0.6018191
1970 1 388.42 0.4726536
1970 2 158.96 0.2724938
1970 3 127.71 0.2045352
1970 4 109.25 0.07799096
1970 5 177.64 -0.08106194
1970 6 221.54 -0.3770073
1970 7 288.08 -0.6315855
1970 8 473.54 -0.7555566
1970 9 755.49 -0.7761952
1970 10 1089.57 -0.7694939
1970 11 1026.27 -0.8988835
1970 12 697.42 -1.183008
1971 1 339.26 -1.379546
1971 2 202.62 -1.392066
1971 3 191.6 -1.191065
1971 4 251.43 -0.9783695
1971 5 540.13 -0.8454625
1971 6 828.15 -0.7966601
1971 7 781.56 -0.7994114
1971 8 451.83 -0.8121426
1971 9 586.61 -0.8621016
1971 10 975.59 -0.916814
1971 11 1325.38 -0.9928036
1971 12 1046.5 -0.8969143
1972 1 650.64 -0.693093
1972 2 323.06 -0.3490662
1972 3 198.7 -0.008331813
1972 4 189.35 0.2685108
1972 5 206.89 0.5108179
1972 6 1103.83 0.7822733
1972 7 1387.6 1.075561
1972 8 1576.19 1.31147
1972 9 776.58 1.540178
1972 10 725.99 1.779159
1972 11 703.98 2.043383
1972 12 601.88 2.053966
1973 1 399.83 1.769214
1973 2 181.11 1.214735
1973 3 141.13 0.5104423
1973 4 76.09 -0.05914235
1973 5 71.06 -0.493302
1973 6 131.7 -0.7985402
1973 7 204.8 -1.059905
1973 8 298.88 -1.278463
1973 9 653.99 -1.436249
1973 10 927.15 -1.702961
1973 11 1027.39 -1.90279
1973 12 640.57 -2.015927
1974 1 353.36 -1.826839
1974 2 202.93 -1.571386
1974 3 170.88 -1.249638
1974 4 163.58 -1.075503
1974 5 226.7 -0.9051285
1974 6 319.8 -0.7373669
1974 7 888.51 -0.5232388
1974 8 832.53 -0.438757
1974 9 995.26 -0.5054889
1974 10 734.85 -0.7140408
1974 11 1013.09 -0.8493769
1974 12 975.19 -0.7494208
1975 1 692.18 -0.6221464
1975 2 394.71 -0.6142927
1975 3 274.1 -0.7281188
1975 4 214.73 -0.8313028
1975 5 227.94 -0.9658629
1975 6 168.43 -1.116741
1975 7 345.72 -1.284119
1975 8 414.73 -1.376223
1975 9 529.87 -1.552808
1975 10 486.03 -1.616827
1975 11 896.79 -1.72595
1975 12 879.07 -1.763674
1976 1 769.66 -1.637386
1976 2 258.54 -1.247706
1976 3 126.06 -0.8687185
1976 4 671.73 -0.6616627
1976 5 898.59 -0.4947554
1976 6 1127.12 -0.208207
1976 7 672.66 0.07026814
1976 8 666.17 0.2771104
1976 9 574.62 0.5278445
1976 10 650.26 0.730039
1976 11 599.65 0.7909826
1976 12 595.18 0.7508723
1977 1 457.55 0.6035873
1977 2 319.82 0.5114009
1977 3 197.57 0.2334286
1977 4 168.28 0.1451107
1977 5 126.95 0.1771112
1977 6 303.55 0.3324061
1977 7 405.42 0.3285344
1977 8 572.97 0.3634165
1977 9 445.53 0.4841111
1977 10 549.66 0.6686392
1977 11 411.2 0.785743
1977 12 393.89 0.8263922
1978 1 166.91 0.7237333
1978 2 126.46 0.4270805
1978 3 76.1 -0.01453153
1978 4 69.62 -0.3001557
1978 5 115.11 -0.3937556
1978 6 183.94 -0.3331141
1978 7 453.65 -0.3544661
1978 8 741.96 -0.4771435
1978 9 1398.09 -0.4935824
1978 10 1356.97 -0.3691209
1978 11 1223.82 -0.1800972
1978 12 578.55 -0.09639393
1979 1 355.99 -0.07798576
1979 2 166.88 0.002827999
1979 3 122.59 0.1124421
1979 4 148.28 0.1507509
1979 5 232.78 0.1103245
1979 6 335.98 -0.0067539
1979 7 532.27 0.03420108
1979 8 547.42 0.1645365
1979 9 647.02 0.3121909
1979 10 687.07 0.4290123
1979 11 658.76 0.4778493
1979 12 477.63 0.5439388
1980 1 213.67 0.475427
1980 2 233.67 0.3416941
1980 3 200.15 0.2227347
1980 4 207.73 0.2087634
1980 5 216.39 0.3091505
1980 6 502.06 0.3173527
1980 7 542.41 0.2140539
1980 8 624.62 0.01276304
1980 9 662.1 -0.09888918
1980 10 1001.56 -0.04778703
1980 11 930.6 0.02171713
1980 12 655.18 -0.06702023
1981 1 280.03 -0.266746
1981 2 162.97 -0.4468128
1981 3 98.95 -0.4111581
1981 4 72.17 -0.3468087
1981 5 215.68 -0.257795
1981 6 468.96 -0.3333402
1981 7 694.59 -0.3589055
1981 8 673.94 -0.3178765
1981 9 739.6 -0.1917552
1981 10 1017.28 -0.1341736
1981 11 1127.99 -0.1443499
1981 12 870.12 -0.05518055
1982 1 398.06 0.006560633
1982 2 189.05 0.1028806
1982 3 152.53 0.1739747
1982 4 134.97 0.4047367
1982 5 133.03 0.6216173
1982 6 402.68 0.6896193
1982 7 657.78 0.7652277
1982 8 795.15 1.011764
1982 9 590.12 1.489538
1982 10 532.05 1.889386
1982 11 500.9 2.170516
1982 12 502 2.308019
1983 1 305.45 2.300374
1983 2 176.17 2.02276
1983 3 72.22 1.573295
1983 4 42.96 1.245911
1983 5 46.13 0.9632844
1983 6 99.68 0.642473
1983 7 281.51 0.2060012
1983 8 341.75 -0.2003034
1983 9 695.98 -0.5109558
1983 10 595.16 -0.7774275
1983 11 572.66 -0.8924033
1983 12 252.65 -0.7669538
1984 1 206.23 -0.458426
1984 2 200.38 -0.2555727
1984 3 127.02 -0.233185
1984 4 120.84 -0.3543292
1984 5 142.24 -0.4718355
1984 6 207.44 -0.4652472
1984 7 452.07 -0.3289856
1984 8 498.4 -0.1869434
1984 9 760.06 -0.2638755
1984 10 640.33 -0.6003608
1984 11 600.93 -0.9521771
1984 12 297.9 -1.122408
1985 1 165.71 -0.996253
1985 2 100.1 -0.846719
1985 3 91.42 -0.767051
1985 4 83.22 -0.7779425
1985 5 445.58 -0.7042221
1985 6 659.06 -0.5415936
1985 7 820.24 -0.4151316
1985 8 734.97 -0.3958231
1985 9 985.33 -0.3862622
1985 10 1052 -0.3067475
1985 11 853.89 -0.2487502
1985 12 447.8 -0.295594
1986 1 244.3 -0.4115328
1986 2 189.53 -0.3941593
1986 3 122.52 -0.2653183
1986 4 99.87 -0.1945024
1986 5 119.89 -0.1067153
1986 6 431.26 0.01125977
1986 7 645.83 0.238428
1986 8 847.07 0.4581638
1986 9 1011.92 0.6974181
1986 10 1210.09 0.9249729
1986 11 1202.1 1.11261
1986 12 834.62 1.222819
1987 1 448.19 1.263427
1987 2 207.98 1.232974
1987 3 84.17 1.089255
1987 4 39.01 0.9882442
1987 5 54.72 1.015712
1987 6 68.2 1.221847
1987 7 191.19 1.482335
1987 8 276.72 1.63823
1987 9 369.53 1.643112
1987 10 562.41 1.53588
1987 11 783.53 1.321704
1987 12 821.8 1.14182
1988 1 609.05 0.7934005
1988 2 309 0.5048273
1988 3 221.74 0.118028
1988 4 152.51 -0.2986895
1988 5 252.31 -0.8085294
1988 6 276.29 -1.21174
1988 7 305.77 -1.249506
1988 8 205.81 -1.141557
1988 9 744.67 -1.315822
1988 10 1110.96 -1.627067
1988 11 1146.95 -1.90883
1988 12 624.455 -1.901634
1989 1 270.921 -1.724853
1989 2 336.791 -1.467772
1989 3 280.346 -1.121292
1989 4 288.056 -0.8584492
1989 5 238.482 -0.5839819
1989 6 403.521 -0.3987401
1989 7 548.705 -0.309412
1989 8 680.101 -0.3110231
1989 9 676.162 -0.3106218
1989 10 595.732 -0.29408
1989 11 441.86 -0.2015098
1989 12 281.107 -0.07450037
1990 1 166.461 0.1227338
1990 2 129.366 0.2002543
1990 3 91.059 0.2830684
1990 4 106.911 0.298711
1990 5 265.786 0.2657777
1990 6 419.316 0.2906997
1990 7 764.7 0.3095878
1990 8 881.733 0.3622302
1990 9 965.063 0.3460446
1990 10 940.453 0.3169062
1990 11 845.25 0.3495969
1990 12 686.14 0.4096596
1991 1 378.98 0.4512807
1991 2 219.15 0.3977606
1991 3 163.71 0.3516949
1991 4 136.3 0.3970977
1991 5 303.98 0.596965
1991 6 438.95 0.8133537
1991 7 632.75 0.9371615
1991 8 639.39 0.8632972
1991 9 534.63 0.8416978
1991 10 479.5 0.9743057
1991 11 361.89 1.368129
1991 12 356.95 1.652072
1992 1 204.27 1.816974
1992 2 106.05 1.720267
1992 3 47.36 1.594975
1992 4 27.29 1.376684
1992 5 25.41 1.110511
1992 6 191.29 0.7707399
1992 7 541.34 0.4302008
1992 8 838.38 0.1712165
1992 9 913.02 -0.0618358
1992 10 992.26 -0.131614
1992 11 869.25 -0.04765689
1992 12 690.9 0.1372727
1993 1 293.04 0.2948409
1993 2 139.9 0.3983874
1993 3 94.83 0.5937082
1993 4 65.49 0.7888171
1993 5 48.48 0.8287779
1993 6 92.61 0.6990466
1993 7 179.81 0.4695878
1993 8 307.98 0.4184701
1993 9 597.65 0.3641644
1993 10 798.83 0.3279062
1993 11 1111.92 0.2291965
1993 12 900.13 0.1930991
1994 1 670.37 0.2011866
1994 2 267.94 0.2709338
1994 3 151.49 0.3750414
1994 4 113.1 0.4812571
1994 5 179.06 0.5668837
1994 6 312.33 0.5754191
1994 7 389.73 0.614254
1994 8 379.46 0.5921499
1994 9 518.56 0.7110175
1994 10 500.26 0.9429196
1994 11 623.94 1.231663
1994 12 427.41 1.346806
1995 1 422.51 1.207014
1995 2 202.57 0.9475472
1995 3 108.24 0.6796811
1995 4 48.43 0.3929498
1995 5 122.27 0.2477906
1995 6 259.28 0.1163796
1995 7 440.49 -0.03239853
1995 8 662.97 -0.26889
1995 9 1167.66 -0.4807691
1995 10 1228.79 -0.6302007
1995 11 1454.34 -0.7171233
1995 12 901.5 -0.7732074
1996 1 699.97 -0.7731199
1996 2 193.66 -0.6798795
1996 3 176.46 -0.5159981
1996 4 169.46 -0.2956755
1996 5 215.96 -0.1741552
1996 6 310.8 -0.1552866
1996 7 389.78 -0.1248383
1996 8 411.52 -0.176236
1996 9 486.11 -0.1993285
1996 10 910.21 -0.2388269
1996 11 976.48 -0.2907763
1996 12 784.17 -0.3755538
1997 1 299.18 -0.4274529
1997 2 165.28 -0.3150395
1997 3 120.25 -0.002798622
1997 4 107.87 0.4268575
1997 5 125.02 0.9154975
1997 6 215.44 1.368713
1997 7 293.23 1.721388
1997 8 331.61 2.00311
1997 9 319.45 2.253778
1997 10 220.26 2.444893
1997 11 220.57 2.53261
1997 12 182.41 2.509899
1998 1 167.03 2.355788
1998 2 101.01 2.003255
1998 3 80.16 1.441509
1998 4 72.95 1.050457
1998 5 91.03 0.4064578
1998 6 96.91 -0.1077135
1998 7 127.82 -0.7881985
1998 8 284.46 -0.9861963
1998 9 650.03 -1.139142
1998 10 918.58 -1.114147
1998 11 1484.12 -1.316404
1998 12 1410.72 -1.477981
1999 1 1165.18 -1.560079
1999 2 499.17 -1.249292
1999 3 276.82 -0.8739451
1999 4 261.45 -0.7264897
1999 5 287.72 -0.7644228
1999 6 342.15 -0.8469539
1999 7 697.69 -0.9129449
1999 8 845.29 -0.9489695
1999 9 1016.35 -1.027515
1999 10 948.17 -1.201401
1999 11 1152.71 -1.390204
1999 12 990.22 -1.637807
2000 1 868.96 -1.632733
2000 2 482.15 -1.469826
2000 3 360.65 -1.102118
2000 4 236.57 -0.8658357
2000 5 247.8 -0.6767424
2000 6 748.37 -0.5735806
2000 7 788.81 -0.3553193
2000 8 870.58 -0.3313706
2000 9 637.23 -0.3740757
2000 10 885.26 -0.5404142
2000 11 1159.68 -0.6744961
2000 12 967.02 -0.7043267
2001 1 773.37 -0.6821322
2001 2 458.44 -0.4663857
2001 3 386.67 -0.3846785
2001 4 243.55 -0.2214093
2001 5 185.86 -0.1243956
2001 6 319.03 0.08034001
2001 7 460.48 0.1681882
2001 8 515.8 0.09675018
2001 9 562.2 -0.02439569
2001 10 605.67 -0.1186274
2001 11 839.4 -0.1990568
2001 12 642.23 -0.2007002
2002 1 493.24 -0.1115992
2002 2 159.06 0.08870789
2002 3 178.23 0.2657889
2002 4 137.85 0.424858
2002 5 135.47 0.6894184
2002 6 524.52 0.8199131
2002 7 676.46 0.8759875
2002 8 788.57 0.8868828
2002 9 452.35 1.055711
2002 10 495.75 1.324693
2002 11 495.91 1.491663
2002 12 465.86 1.282232
2003 1 270.64 1.051173
2003 2 166.46 0.7541866
2003 3 115.99 0.570841
2003 4 250.03 0.1104306
2003 5 283.36 -0.08906225
2003 6 384.26 -0.009646808
2003 7 426.19 0.3320012
2003 8 521.24 0.4009103
2003 9 480.3 0.5294045
2003 10 519.31 0.5330124
2003 11 448.99 0.6090495
2003 12 415.07 0.4798722
2004 1 231.95 0.3814136
2004 2 154.26 0.2413207
2004 3 113.62 0.2326151
2004 4 71.51 0.1982841
2004 5 133.66 0.2842177
2004 6 291.32 0.4247796
2004 7 577.45 0.6744013
2004 8 632.4 0.8391901
2004 9 548.45 0.8804576
2004 10 612.7 0.8720922
2004 11 823.06 0.8629959
2004 12 812.28 0.8287787
2005 1 469.19 0.6202266
2005 2 169.32 0.4733475
2005 3 124.3 0.3432422
2005 4 98.14 0.4362712
2005 5 129.17 0.4694444
2005 6 272.86 0.3304593
2005 7 401.76 0.202268
2005 8 650.62 0.03102997
2005 9 785.75 0.02265753
2005 10 918.94 -0.1874141
2005 11 1042.53 -0.4331766
2005 12 969.05 -0.7468337
2006 1 836.38 -0.7540792
2006 2 431.69 -0.6720656
2006 3 222.08 -0.3698243
2006 4 127.93 -0.1558224
2006 5 128.09 0.1132177
2006 6 277.1 0.2059928
2006 7 397.54 0.3160679
2006 8 498.49 0.4218573
2006 9 456.22 0.6786181
2006 10 525.63 0.8805061
2006 11 785.95 1.141943
2006 12 859.74 1.085966
2007 1 697.49 0.7916936
2007 2 351.21 0.3164807
2007 3 205.79 0.09158811
2007 4 239.65 -0.0929428
2007 5 295.58 -0.03835587
2007 6 342.57 -0.1461673
2007 7 587.56 -0.2335323
2007 8 713.65 -0.5617164
