1990 1 524 353
1990 2 206.25 171
1990 3 46.25 37
1990 4 20.625 57
1990 5 0 5
1990 6 0 3
1990 7 0 0
1990 8 0 2
1990 9 5 3
1990 10 11.25 18
1990 11 21.25 40
1990 12 42.5 213
1991 1 338.75 240
1991 2 181.875 129
1991 3 83.125 94
1991 4 6.25 9
1991 5 0 2
1991 6 0 0
1991 7 0 0
1991 8 0 0
1991 9 0 6
1991 10 15 34
1991 11 80 110
1991 12 70 98
1992 1 158.125 118
1992 2 105 59
1992 3 120 134
1992 4 10 13
1992 5 2.5 3
1992 6 0 0
1992 7 0 0
1992 8 3.75 0
1992 9 0 0
1992 10 21.25 7
1992 11 72.5 97
1992 12 108.75 253
1993 1 288.75 171
1993 2 376.875 224
1993 3 50.625 96
1993 4 37.5 15
1993 5 0 0
1993 6 0 0
1993 7 0 3
1993 8 0 4
1993 9 0 2
1993 10 0 7
1993 11 85.625 108
1993 12 31.25 114
1994 1 178.75 201
1994 2 108.125 148
1994 3 0 11
1994 4 1.25 16
1994 5 0 6
1994 6 0 0
1994 7 0 0
1994 8 0 0
1994 9 0 5
1994 10 38.75 48
1994 11 6.25 81
1994 12 95.625 149
1995 1 221.25 104
1995 2 182.125 151
1995 3 22.5 54
1995 4 0 2
1995 5 0 8
1995 6 0 0
1995 7 0 0
1995 8 0 0
1995 9 1.25 5
1995 10 43.125 39
1995 11 62.125 77
1995 12 105.625 109
1996 1 393.125 223
1996 2 194.375 180
1996 3 113.75 99
1996 4 0 5
1996 5 0 29
1996 6 0 0
1996 7 0 0
1996 8 0 0
1996 9 0 6
1996 10 0 4
1996 11 88.75 113
1996 12 60 188
1997 1 515.625 328
1997 2 247.5 206
1997 3 70 88
1997 4 75.625 103
1997 5 1.25 3
1997 6 0 0
1997 7 0 1
1997 8 0 0
1997 9 0 11
1997 10 18.75 15
1997 11 158.75 103
1997 12 108.75 128
1998 1 433.125 253
1998 2 113.75 90
1998 3 92.5 61
1998 4 3.75 5
1998 5 0 4
1998 6 0 0
1998 7 0 0
1998 8 0 0
1998 9 0 15
1998 10 0 5
1998 11 61.25 70
1998 12 122.5 258
1999 1 387.625 302
1999 2 325 216
1999 3 41.25 67
1999 4 1.25 11
1999 5 0 0
1999 6 0 0
1999 7 0 0
1999 8 0 1
1999 9 0 7
1999 10 25 26
1999 11 68.125 50
1999 12 68.125 152
2000 1 326.875 217
2000 2 346.25 166
2000 3 184.375 181
2000 4 10 12
2000 5 0 13
2000 6 0 17
2000 7 0 0
2000 8 0 0
2000 9 0 3
2000 10 12.5 14
2000 11 83.75 99
2000 12 80 205
2001 1 196.875 220
2001 2 390.625 296
2001 3 86.25 157
2001 4 8.75 6
2001 5 0 3
2001 6 0 0
2001 7 0 1
2001 8 0 2
2001 9 0 3
2001 10 38.125 26
2001 11 68.125 127
2001 12 93.75 198
2002 1 163.75 126
2002 2 67.5 65
2002 3 41.25 39
2002 4 71.25 85
2002 5 0 0
2002 6 0 3
2002 7 1.25 0
2002 8 0 0
2002 9 6.25 6
2002 10 58.75 37
2002 11 48.125 65
2002 12 43.125 155
2003 1 241.875 136
2003 2 296.25 189
2003 3 118.75 287
2003 4 6.25 12
2003 5 0 36
2003 6 0 0
2003 7 0 0
2003 8 0 0
2003 9 0 0
2003 10 28.75 24
2003 11 95 77
2003 12 81.875 175
2004 1 378.125 211
2004 2 281.25 170
2004 3 103.75 157
2004 4 7.5 30
2004 5 0 0
2004 6 0 0
2004 7 0 0
2004 8 0 0
2004 9 0 13
2004 10 57.5 41
2004 11 58.75 73
2004 12 168.125 250
2005 1 241.875 152
2005 2 84.375 62
2005 3 13.75 37
2005 4 7.5 19
2005 5 0 22
2005 6 0 0
2005 7 0 20
2005 8 0 0
2005 9 0 9
2005 10 0 6
2005 11 100 74
2005 12 138.125 278
2006 1 425.625 206
2006 2 294.375 196
2006 3 75 150
2006 4 3.75 11
2006 5 0 11
2006 6 3.75 0
2006 7 0 0
2006 8 1.875 0
2006 9 0 8
2006 10 23.125 13
2006 11 75 90
2006 12 88.75 156
2007 1 310.625 306
2007 2 210 177
2007 3 61.25 49
2007 4 16.875 24
2007 5 1.875 6
2007 6 0 0
2007 7 3.125 0
2007 8 0 0
2007 9 0.625 6
2007 10 3.125 13
2007 11 122.5 119
2007 12 205.25 366
2008 1 324.625 380
2008 2 97.5 113
2008 3 66.875 90
2008 4 7.5 5
2008 5 1.875 5
2008 6 0 0
2008 7 0 0
2008 8 0 0
2008 9 0 0
2008 10 3.125 27
2008 11 138.75 102
2008 12 151.5 244
2009 1 305.25 237
2009 2 123.75 116
2009 3 159.25 175
2009 4 1.25 20
2009 5 0 30
2009 6 0 9
2009 7 0 0
2009 8 0 0
2009 9 0 7
2009 10 1.25 5
2009 11 195.625 212
2009 12 58.75 149
2010 1 294 193
2010 2 340.875 286
2010 3 81.875 154
2010 4 42.5 80
2010 5 1.25 7
2010 6 0 0
2010 7 0 0
2010 8 0 0
2010 9 0 0
2010 10 12.5 7
2010 11 109.375 113
2010 12 94.375 275
2011 1 378.375 193
2011 2 45.875 72
2011 3 96.875 100
2011 4 34.375 19
2011 5 0 2
2011 6 0 1
2011 7 0 0
2011 8 0 0
2011 9 0 19
2011 10 23.75 21
2011 11 98.125 115
2011 12 62.5 146
2012 1 221.875 245
2012 2 226.875 151
2012 3 85.875 133
2012 4 15 24
2012 5 0 1
2012 6 0 0
2012 7 0 0
2012 8 0 3
2012 9 1.25 2
2012 10 3.125 8
2012 11 66.25 94
2012 12 113.125 285
