0
13.4
0
0
0
0
19.2
0
2.5
0
0
0
24.4
24.6
0
0
0
0
37.7
2.5
0
0
11.8
0
5.7
6.9
0.2
0
16.8
0
0
0
3.3
0
35.2
0
0
0.9
1.6
0
0.2
1.4
0
28.6
0
0
0
3.6
0.2
37.2
2.7
0
0
8.9
20
0
5.1
0
95.2
1.1
27.8
0
0
0
0
0
4.7
0
0
11.4
0
0
0
0
5.5
0
2.9
0
23.7
0
0
17.9
0
1.3
38.6
0
0
0
6.7
0.6
0
0
54.8
0
0
9.5
0
0
0
0
32.2
0
0
0
16
1.1
31.2
0
0
1
1.4
0.7
0
6.5
0
0
70.8
0
0
3
0
0
0
0
2.1
21.7
0
0
0
0
63.4
0.7
3.4
0
0
45.3
1.3
0
0
13
0.4
122.1
0
0
0
0
0
48.2
0
0
7.7
0
0
0
0
0
0
0
6.4
4.7
0
0
0
0.8
1.8
8.4
13.2
0.7
0
0
0
26
0
0
0
0
8.5
0
0.4
0
0
0
11.3
0
0.4
19.8
6.2
0
0
0
0
0
14.5
0
7.7
3.2
0
39.1
0
0.6
17
0
0
0
0.2
0
0
1
2.6
0
2
2.6
0
1
0.2
0
0
0
30
0
26.6
0
0
0
0
35.4
0
0
0
0
12.6
2
1.3
31.6
0
8
0.2
0
0
0
0
40.4
1.9
0
0
0
0
0
0
7.4
0
0
31.8
0
0.2
14.3
0
0
0
0
1.7
2.6
31.2
0
7.1
4.3
0
0
0
0.9
0
0
1.9
0.4
12.9
0
0
0
0
0
10.1
5.2
0.3
0
13.8
0
3
1
3.9
0
0
0
0
63
11.3
0
0
0
0
0
0
9.5
0
91.1
1.1
23.1
3.7
0.7
31.5
0
0
0
1.5
22.5
1.5
0
0
0
21.5
0
0
27.6
7.3
0
0
0
0
31.6
0
0
0
0.6
0
0
0
74.2
0
0
3.3
0
0
0
0
29.6
0.7
0
0
0
0
0.6
3.3
3
0
4.5
0
6.6
0
4.5
0
6.5
0
0.8
15.7
0
0
0
0
0
0
0
8
0
8.3
0
0
3.8
0
0
4.9
5
0
0.7
0
42.8
4.4
0
0
2.2
0
0
0
0
0
0
14
0
0
0
0
0
0
0
0
0
21.3
0
0
0
0
0
0
12.3
2.7
0
5.3
0
25.3
23.5
2.6
0
0
0
6.6
0
0
18.5
3.7
0
0
0
0
24.8
1.6
0.4
0
18.1
0
0
0
0
0
1
0
0
0
0
0
2.4
32.8
0
0
0
0
14.8
0
0.5
0.5
0
0
0
0
53.5
0
0
0
24.9
0
0
0.3
0
0
42.8
0
0
0
0
14.3
6
0
0
10.6
19.1
0
0
97.2
51.1
0
17.7
31.7
31.9
0.5
0
9.8
0
0
7.6
0
0
0
0
16.4
7.1
0
0
0
0
0
0
6.7
0
0
0
0
0
0
0
0
0
0
0
0
7.8
2
11.3
0
2.8
0
1.4
0
0
18.3
0
0
0
1.2
2.1
0
0
35.6
0
0
2
0
0
0
0
13.7
0
46
19.6
15.3
0
0
0
0
1.4
10.4
0
24.7
2
1.6
0
9
0
0
0
0
0
4.2
0
0
0
0
2.3
2.6
15.4
0
0
6.3
0
2.6
0
0
0
0
1.7
1.2
2.7
28.2
0
0
1.6
0
0
0
0
0
0
2
0
0
10.1
27.2
0
12.8
0
0
52.2
2.3
0
0
0
0
0
0
0
0
0
0
1.5
0
53.3
9.3
10.2
0
0
8.8
5.2
19.1
4.6
0
0
10
0
0
0.7
0
0
28.8
26.2
5.3
0
0
0
0.7
0
5.6
16.3
0
2.2
3
0
64.4
0
0
0
21.4
0
0
31.8
0
0
0
35.8
0.1
0.3
0
0
61.3
0
23.6
24.9
0
18.8
36.9
0
0
17
3.3
0.6
0
0
0
0
12.9
0
0
0
0
0
0
22.7
0
0
0
7.2
6.9
0
10
0
42.7
0.5
3.8
9
0
0
0
0
0
36.6
1.6
0
2.2
0
0
0
0
0
0
0
0
0
0
0
1.8
0
0
0
27
48.5
43.9
0
0
0.2
6
0
0
6.6
0
23.9
0.9
0
0
1.5
0
0
0
30.9
28.6
19.3
0.4
0
0
0
0
0
0
0
0
0.8
0
1.2
0
3
11.5
6.4
0
0
22.4
0
2.8
0
0.6
1.1
19.8
0
0
27
2.1
13.8
0
0
0
3.8
11.4
0.3
0
0
0
0
0
17.7
0
0
62
9.5
1.4
0
8.6
16.7
0
10.1
0.6
0
44
11.7
0.6
0
0
0
3.7
0
15.1
5.9
4.5
2
0.4
0
0
0
0.7
0
0.3
2.7
0
0
0
32.9
5.6
0
0
0
6.4
1.8
16.5
9.1
0
0
0
28.7
0
0
0
0
0
0
120.3
0
0
0.3
0
14.6
0
0
0
0
15.6
0
0
0
0
0
0
0
0
96.6
0.3
0
8.2
1
14.1
13.7
3.9
0.5
1.4
0
0
0
0
0
0
45.4
1
0
0
13.8
2.7
0
29.3
0
0
0
0
0
0
8.5
0
0
12.2
